Model: xgboost5001_103
accuracy: 0.9999840646444258
precision: 1.0
recall: 0.9178082191780822
f1_score: 0.9571428571428572
average_precision: 0.9907077733586994
best_threshold: 0.0742890015244484
precision_best: 0.9964912280701754
recall_best: 0.9726027397260274
f1_best: 0.9844020797227037
confusion_matrix:
[[1505793       0]
 [     24     268]]
