Model: xgboost5001_101
accuracy: 0.999882638021139
precision: 1.0
recall: 0.9011627906976745
f1_score: 0.9480122324159022
average_precision: 0.9996216375545988
best_threshold: 0.014783010818064213
precision_best: 0.9885057471264368
recall_best: 1.0
f1_best: 0.9942196531791907
confusion_matrix:
[[144679      0]
 [    17    155]]
