Model: xgboost4002_103
accuracy: 0.9999986705734083
precision: 0.992831541218638
recall: 1.0
f1_score: 0.9964028776978417
average_precision: 1.0
best_threshold: 0.9758704900741577
precision_best: 1.0
recall_best: 1.0
f1_best: 1.0
confusion_matrix:
[[1504129       2]
 [      0     277]]
