Model: xgboost4002_101
accuracy: 1.0
precision: 1.0
recall: 1.0
f1_score: 1.0
average_precision: 0.9999999999999999
best_threshold: 0.8603525161743164
precision_best: 1.0
recall_best: 1.0
f1_best: 1.0
confusion_matrix:
[[144121      0]
 [     0    526]]
