Model: xgboost4002_101
accuracy: 0.9999446680776307
precision: 0.9977064220183486
recall: 0.9841628959276018
f1_score: 0.9908883826879271
average_precision: 0.9997741919795273
best_threshold: 0.22753988206386566
precision_best: 0.9909706546275395
recall_best: 0.9932126696832579
f1_best: 0.992090395480226
confusion_matrix:
[[144139      1]
 [     7    435]]
