Model: xgboost4002_104
accuracy: 1.0
precision: 1.0
recall: 1.0
f1_score: 1.0
average_precision: 0.9999999999999999
best_threshold: 0.9626874327659607
precision_best: 1.0
recall_best: 1.0
f1_best: 1.0
confusion_matrix:
[[1505913       0]
 [      0     102]]
